trade_company_numerion = {
  color = { 50 0 0 }

  provinces = {
    330 331 332 333 335 321 322 323 324 127 325 326 327 328 329 304 306 308 309 2 305 307 312 130 313 315 317 4 129 314 316 318 3 310 311 383 338 339 340 341 128 342 343 344 1 334 336 337 133 384 385 134 377 378 382 16 386 387 388
  }
}

trade_company_denlut = {
  color = { 100 0 0 }

  provinces = {
    359 360 363 364 137 362 365 366 348 350 356 357 358 345 346 347 349 10 351 352 353 139 140 404 405 391 392 393 394 8 361 389 390 9 395 396 397 398 399 406 407 409 136 354 355 447 238
  }
}

trade_company_mitra = {
  color = { 150 0 0 }

  provinces = {
    6 319 367 368 7 131 369 374 320 370 371 372 373 375 376 379 381 5 135 380 586 142 430 432 433 144 426 427 428 434 14 85 429 431 435 436 438 439 15 143 440 443 437 441 442 160 161 444 445 17 162 446
  }
}

trade_company_retise = {
  color = { 200 0 0 }

  provinces = {
    408 410 411 448 149 413 449 450 585 451 456 457 148 452 453 454 11 146 462 463 458 459 460 461 147 465 468 470 464 466 467 469 21 169 671
  }
}

trade_company_gapanod = {
  color = { 250 0 0 }

  provinces = {
    138 141 412 400 401 402 403 117 417 422 423 418 419 420 421 13 116 424 425 12 414 415 416 584 18 19 163 164 165 668 669 20 166 167 168 670 22 170 171 175 176 177 666
  }
}

trade_company_bihtava = {
  color = { 0 50 0 }

  provinces = {
    69 111 566 587 568 569 570 71 567 571 577 68 572 574 575 576 112 573 578 72 579 580 73 74 581 582
  }
}

trade_company_seven = {
  color = { 0 100 0 }

  provinces = {
    455 501 81 599 601 604 603 594 593 591 588 589 608 606 79 607 614 613 609 627 622 621 623 624 625 616 618 619 628 629 632 76 633 634
  }
}

trade_company_eight = {
  color = { 0 150 0 }

  provinces = {
    536 538 539 540 518 519 542 543 59 545 546 547 60 114 556 113 549 550 553 554 61 558 559 560 535 537 541 544 531 532 533 534 62 67 557 561 583 63 563 564 565 64 65 66 562 528 529 530 86 258
  }
}

trade_company_anslav = {
  color = { 0 200 0 }

  provinces = {
    172 173 667 23 108 178 182 24 179 189 665 187 188 190 234 235 52 55 56 70 526 527 522 523 524 525
  }
}

trade_company_ten = {
  color = { 0 250 0 }

  provinces = {
    25 180 181 663 664 109 186 192 660 26 191 657 658 659 27 193 194 655 656 29 197 654 103 198 648 649 51 483 484 485 90 486 487 488 490 492 493 494 183 184 185 661 662
  }
}

trade_company_eleven = {
  color = { 0 0 50 }

  provinces = {
    473 474 475 476 83 48 477 478 495 107 498 499 505 89 482 500 53 87 496 506 489 491 502 503 504 88 507 508 509 57 58 510 511 515 512 513 514 516 517 54 520 521
  }
}

trade_company_twelve = {
  color = { 0 0 100 }

  provinces = {
    102 199 200 640 650 101 196 651 652 28 195 645 646 647 31 32 33 231 232 233 104 228 229 643 34 223 224 230 642 30 225 226 227 644 50 479 480 481 49 471 472
  }
}

trade_company_thirteen = {
  color = { 0 0 150 }

  provinces = {
    37 153 216 282 283 213 214 215 636 35 217 218 219 220 221 36 208 210 637 47 152 302 303 105 211 212 638 639 106 206 207 209
  }
}

trade_company_fourteen = {
  color = { 0 0 200 }

  provinces = {
    151 265 273 97 291 294 295 296 94 150 269 270 271 82 275 276 280 43 92 281 91 277 278 279 44 98 272 274 93 266 267 268 38 39 641 653
  }
}

trade_company_fifteen = {
  color = { 0 0 200 }

  provinces = {
    40 99 159 84 284 298 41 100 299 300 95 155 290 292 293 42 157 297 301 154 156 288 289 96 285 286 287 45 262 263 46 259 260 261
  }
}

trade_company_samoveni = {
  color = { 0 0 250 }

  provinces = {
    118 672 673 675 676 677 678 679 680 681 682 683 684 685 686 687 688 689 690 691 692 693 694 695 696 697 698 699 700 701 702 703 704 705 706
  }
}
