xaln_shoa={
	location=607
	color={
		173 135 53
	}
	outgoing={
		name="bihtava"
		path={
			610 112 574 576 71
		}
		control={
			2182.000000 746.000000 2180.000000 739.000000 2165.000000 738.000000 2150.000000 714.000000 2133.000000 702.000000
		}
	}
	outgoing={
		name="konevan"
		path={
			621 78 626 570 568 65 66 534
		}
		control={
			2162.000000 754.000000 2149.000000 752.000000 2139.000000 758.000000 2131.000000 765.000000 2122.000000 766.000000 2117.000000 775.000000 2104.000000 774.000000 2084.000000 771.000000 2062.000000 768.000000 2058.000000 769.000000 2055.000000 770.000000 2051.000000 769.000000 2048.000000 768.000000 2046.000000 767.000000 2045.000000 765.000000 2043.000000 763.000000 2039.000000 762.000000 2036.000000 761.000000 2032.000000 760.000000 2032.000000 757.000000 2033.000000 755.000000 2033.000000 750.000000 2031.000000 747.000000 2030.000000 744.000000 2028.000000 742.000000 2027.000000 740.000000
		}
	}
	members={
		633 634 625 629 631 632 619 628 630 76 77 616 617 618 622 623 624 627 78 620 621 626 611 612 613 614 79 606 607 608 110 609 610 615 81 598 599 601 602 603 604 455 497 501 597 588 589 590 591 592 80 593 594 595 596
	}
}
munbora={
	location=508
	color={
		70 50 10
	}
	inland=yes
	outgoing={
		name="konevan"
		path={
			88 516 542 547 59 535 534
		}
		control={
			1920.000000 746.000000 1929.000000 746.000000 1934.000000 748.000000 1938.000000 748.000000 1941.000000 749.000000 1945.000000 749.000000 1951.000000 751.000000 1957.000000 751.000000 1962.000000 750.000000 1966.000000 748.000000 1968.000000 747.000000 1973.000000 743.000000 1977.000000 739.000000 1980.000000 735.000000 1984.000000 733.000000 1988.000000 731.000000 1994.000000 730.000000 1999.000000 731.000000 2006.000000 733.000000 2015.000000 735.000000 2024.000000 736.000000
		}
	}
	members={
		473 474 475 476 83 48 477 478 495 107 498 499 505 89 482 500 53 87 496 506 489 491 502 503 504 88 507 508 509 57 58 510 511 515 512 513 514 516 517 54 520 521 859
	}
}
konevan={
	location=536
	color={
		62 74 120
	}
	outgoing={
		name="bihtava"
		path={
			66 65 569 571 71
		}
		control={
			2026.000000 738.000000 2028.000000 736.000000 2035.000000 730.000000 2040.000000 729.000000 2044.000000 727.000000 2053.000000 724.000000 2058.000000 722.000000 2062.000000 718.000000 2066.000000 714.000000 2077.000000 708.000000 2097.000000 705.000000
		}
	}
	outgoing={
		name="anslav"
		path={
			533 525 187 172
		}
		control={
			2027.000000 737.000000 2028.000000 736.000000 2035.000000 730.000000 2040.000000 729.000000 2044.000000 727.000000 2053.000000 724.000000 2058.000000 722.000000 2062.000000 718.000000 2066.000000 714.000000 2068.000000 708.000000 2069.000000 704.000000 2066.000000 697.000000 2062.000000 689.000000 2058.000000 686.000000 2055.000000 682.000000
		}
	}
	members={
		536 538 539 540 518 519 542 543 59 545 546 547 60 114 556 113 549 550 553 554 61 558 559 560 535 537 541 544 531 532 533 534 62 67 557 561 583 63 563 564 565 64 65 66 562 528 529 530 86 258
	}
}
bihtava={
	location=71
	color={
		34 138 32
	}
	outgoing={
		name="retise"
		path={
			577 581 21 464
		}
		control={
			2125.000000 683.000000 2124.000000 670.000000 2117.000000 656.000000
		}
	}
	members={
		69 111 566 587 568 569 570 71 567 571 577 68 572 574 575 576 112 573 578 72 579 580 73 74 581 582
	}
}
rekriz={
	location=98
	color={
		80 150 50
	}
	inland=yes
	outgoing={
		name="makhem"
		path={
			43 92 641 653 195
		}
		control={
			1832.000000 552.000000 1836.000000 560.000000 1848.000000 565.000000 1852.000000 568.000000 1855.000000 577.000000 1851.000000 605.000000 1847.000000 619.000000 1849.000000 624.000000 1852.000000 626.000000 1854.000000 629.000000
		}
	}
	outgoing={
		name="krajeke"
		path={
			291 156 42 290 286
		}
		control={
			1832.000000 552.000000 1836.000000 560.000000 1848.000000 565.000000 1853.000000 568.000000 1856.000000 568.000000 1859.000000 564.000000 1863.000000 562.000000 1866.000000 561.000000 1869.000000 562.000000 1874.000000 559.000000 1879.000000 557.000000 1884.000000 557.000000 1889.000000 558.000000 1896.000000 562.000000 1902.000000 561.000000 1910.000000 565.000000
		}
	}
	members={
		151 265 273 97 291 294 295 296 94 150 269 270 271 82 275 276 280 43 92 281 91 277 278 279 44 98 272 274 93 266 267 268 38 39 641 653
	}
}
stumsver={
	location=637
	color={
		220 210 50
	}
	inland=yes
	outgoing={
		name="makhem"
		path={
			207 206 39 195
		}
		control={
			1809.000000 641.000000 1811.000000 643.000000 1813.000000 646.000000 1815.000000 647.000000 1819.000000 649.000000 1822.000000 650.000000 1824.000000 650.000000 1826.000000 651.000000 1829.000000 653.000000 1832.000000 655.000000 1835.000000 655.000000 1838.000000 652.000000 1840.000000 650.000000 1842.000000 647.000000 1844.000000 645.000000 1846.000000 643.000000 1848.000000 640.000000 1850.000000 638.000000 1852.000000 636.000000 1854.000000 633.000000 1856.000000 631.000000
		}
	}
	members={
		37 153 216 282 283 213 214 215 636 35 217 218 219 220 221 36 208 210 637 47 152 302 303 105 211 212 638 639 106 206 207 209
	}
}
makhem={
	location=28
	color={
		80 90 100
	}
	inland=yes
	outgoing={
		name="madzuni"
		path={
			200 640 198 27 656 186 25
		}
		control={
			1856.000000 630.000000 1860.000000 628.000000 1866.000000 627.000000 1873.000000 627.000000 1880.000000 629.000000 1884.000000 631.000000 1888.000000 633.000000 1892.000000 637.000000 1895.000000 638.000000 1900.000000 641.000000 1908.000000 644.000000 1911.000000 647.000000 1914.000000 651.000000 1918.000000 656.000000 1921.000000 660.000000 1926.000000 665.000000 1933.000000 669.000000 1940.000000 668.000000 1946.000000 666.000000 1950.000000 663.000000 1955.000000 663.000000 1960.000000 665.000000
		}
	}
	members={
		102 199 200 640 650 101 196 651 652 28 195 645 646 647 31 32 33 231 232 233 104 228 229 643 34 223 224 230 642 30 225 226 227 644 50 479 480 481 49 471 472
	}
}
madzuni={
	location=25
	color={
		10 100 250
	}
	outgoing={
		name="anslav"
		path={
			663 108 23 173 172
		}
		control={
			1963.000000 669.000000 1967.000000 677.000000 1972.000000 684.000000 1981.000000 691.000000 1990.000000 699.000000 1998.000000 703.000000 2006.000000 705.000000 2015.000000 702.000000 2024.000000 699.000000 2032.000000 698.000000 2041.000000 694.000000 2050.000000 689.000000 2054.000000 684.000000
		}
	}
	outgoing={
		name="mitra"
		path={
			183 184 17 161
		}
		control={
			1974.000000 626.000000 1982.000000 617.000000 1986.000000 619.000000
		}
	}
	members={
		25 180 181 663 664 109 186 192 660 26 191 657 658 659 27 193 194 655 656 29 197 654 103 198 648 649 51 483 484 485 90 486 487 488 490 492 493 494 183 184 185 661 662
	}
}
krajeke={
	location=293
	color={
		180 200 10
	}
	outgoing={
		name="mitra"
		path={
			205 203 161
		}
		control={
			1910.000000 565.000000 1916.000000 564.000000 1925.000000 562.000000 1941.000000 576.000000 1955.000000 595.000000 1965.000000 615.000000 1982.000000 617.000000 1986.000000 619.000000
		}
	}
	outgoing={
		name="samoveni"
		path={
			205 120 121 672
		}
		control={
			1910.000000 565.000000 1916.000000 564.000000 1923.000000 552.000000 1927.000000 535.000000 1935.000000 483.000000 1953.989990 447.250000 1990.000000 443.000000
		}
	}
	members={
		40 99 159 84 284 298 41 100 299 300 95 155 290 292 293 42 157 297 301 154 156 288 289 96 285 286 287 45 262 263 46 259 260 261
	}
}
first_node={
	location=938
	color={
		250 100 100
	}
	outgoing={
		name="samoveni"
		path={
			938 937 931 730 719 720
		}
		control={
			1792.000000 401.000000 1804.989990 392.809998 1865.000000 413.000000 1922.000000 421.000000 1976.000000 441.000000
		}
	}
	members={
		927 928 925 926 933 934 935 929 930 936 931 942 943 941 940 938 937 932 939 944 945 946 947 948 949 950
	}
}
samoveni={
	location=672
	color={
		230 101 21
	}
	outgoing={
		name="numerion"
		path={
			202 306 305 325 328 127
		}
		control={
			2011.000000 449.000000 2055.000000 452.000000 2089.000000 443.000000 2113.000000 437.000000 2154.000000 444.000000 2158.000000 460.000000 2155.000000 465.000000 2152.000000 469.000000 2149.000000 475.000000 2145.000000 479.000000
		}
	}
	members={
		118 672 673 675 676 677 678 679 680 681 682 683 684 685 686 687 688 689 690 691 692 693 694 695 696 697 698 699 700 701 702 703 704 705 706 860
	}
}
mitra={
	location=161
	color={
		255 0 0
	}
	outgoing={
		name="numerion"
		path={
			160 440 439 436 433 421 132 388 16 384 134 383 3 338 329 127
		}
		control={
			1984.000000 615.000000 2012.000000 596.000000 2026.000000 565.000000 2038.000000 523.000000 2074.000000 474.000000 2088.000000 446.000000 2113.000000 437.000000 2154.000000 444.000000 2159.000000 457.000000 2152.000000 469.000000 2147.000000 477.000000
		}
	}
	members={
		6 319 367 368 7 131 369 374 320 370 371 372 373 375 376 379 381 5 135 380 586 142 430 432 433 144 426 427 428 434 14 85 429 431 435 436 438 439 15 143 440 443 437 441 442 160 161 444 445 17 162 446
	}
}
retise={
	location=464
	color={
		0 255 0
	}
	outgoing={
		name="denlut"
		path={
			124 123 238
		}
		control={
			2117.000000 638.000000 2126.000000 641.000000 2138.000000 645.000000 2152.000000 643.000000 2159.000000 645.000000 2167.000000 634.000000 2166.000000 608.000000 2189.000000 560.000000 2223.000000 539.000000 2205.000000 515.000000 2197.000000 501.000000 2190.000000 509.000000
		}
	}
	outgoing={
		name="gapanod"
		path={
			124 123 238
		}
		control={
			2102.000000 636.000000
		}
	}
	members={
		408 410 411 448 149 413 449 450 585 451 456 457 148 452 453 454 11 146 462 463 458 459 460 461 147 465 468 470 464 466 469 21 169 671
	}
}
anslav={
	location=667
	color={
		25 150 200
	}
	inland=yes
	outgoing={
		name="gapanod"
		path={
			175 170 167 168 20
		}
		control={
			2055.000000 681.000000 2051.000000 675.000000 2049.000000 672.000000 2048.000000 670.000000 2047.000000 667.000000 2053.000000 658.000000 2054.000000 656.000000 2058.000000 654.000000 2060.000000 653.000000 2063.000000 652.000000 2066.000000 651.000000 2070.000000 649.000000 2074.000000 647.000000 2078.000000 644.000000 2083.000000 637.000000 2085.000000 634.000000
		}
	}
	members={
		172 173 667 23 108 178 182 24 179 189 665 187 188 190 234 235 52 55 56 70 526 522 523 524 525
	}
}
gapanod={
	location=20
	color={
		100 100 100
	}
	inland=yes
	outgoing={
		name="denlut"
		path={
			584 415 413 411 410 408 407 405 352 10 350 357 356 238
		}
		control={
			2085.000000 627.000000 2084.000000 620.000000 2086.000000 613.000000 2094.000000 606.000000 2099.000000 601.000000 2102.000000 599.000000 2106.000000 594.000000 2112.000000 585.000000 2117.000000 580.000000 2125.000000 577.000000 2134.000000 576.000000 2142.000000 573.000000 2146.000000 568.000000 2145.000000 561.000000 2146.000000 553.000000 2151.000000 547.000000 2158.000000 540.000000 2163.000000 534.000000 2167.000000 531.000000 2169.000000 530.000000 2171.000000 529.000000 2175.000000 530.000000 2182.000000 529.000000 2186.000000 527.000000 2187.000000 523.000000 2188.000000 520.000000
		}
	}
	members={
		138 141 412 400 401 403 117 417 422 423 418 419 420 421 13 116 424 425 12 414 415 416 584 18 19 163 164 165 668 669 20 166 167 168 670 22 170 171 175 176 177 666
	}
}
numerion={
	location=127
	color={
		100 2 108
	}
	members={
		330 331 332 333 335 321 322 323 324 127 325 326 327 328 329 304 306 308 309 2 305 307 312 130 313 315 317 4 129 314 316 318 3 310 311 383 338 339 340 341 128 342 343 344 1 334 336 337 133 384 385 134 377 378 382 16 386 387 388
	}
	end=yes
}
denlut={
	location=238
	color={
		250 100 50
	}
	members={
		359 360 363 364 137 362 365 366 348 350 356 357 358 345 346 347 349 10 351 352 353 139 140 404 405 391 392 393 394 8 361 389 390 9 395 396 397 398 399 406 407 409 136 354 355 447 238
	}
	end=yes
}
